<<<<<<< HEAD
<<<<<<< HEAD
<<<<<<< HEAD
<<<<<<< HEAD
<<<<<<< HEAD
<<<<<<< HEAD
0,0,0,1,0,1,1,1,2,2,0,1,1,2,2,3,3,3,4,5,3,0,1,1,1,2,2,2,3,3,3,3,3,4,4,3,4,4,5,5,6,6,6,6,6,6,6,6,6,7,7,8,8,9,9,10,10,10,11,11,12,12,13,13,14,14,14,15,15,16,16,16,17,17,17,17,18,18,19
=======
0,0,0,1,0,1,1,1,2,2,0,1,1,2,2,3,3,3,4,5,3,0,1,1,1,2,2,2,3,3,3,3,3,4,4,3,4,4,5,5,6,6,6,6,6,6,6,6,6,7,7,8,8,9,9,10,10,10,11,11,12,12,13,13,14,14,14,15,15,16,16,16,17,17,17,17,18,18,19,19,19,20,20,20,20,21
>>>>>>> b088600... Fix AboutArrays#test_slicing_with_ranges error
=======
0,0,0,1,0,1,1,1,2,2,0,1,1,2,2,3,3,3,4,5,3,0,1,1,1,2,2,2,3,3,3,3,3,4,4,3,4,4,5,5,6,6,6,6,6,6,6,6,6,7,7,8,8,9,9,10,10,10,11,11,12,12,13,13,14,14,14,15,15,16,16,16,17,17,17,17,18,18,19,19,19,20,20,20,20,21,21,22
>>>>>>> 21534dc... Fix AboutArrays#test_pushing_and_popping_arrays error
=======
0,0,0,1,0,1,1,1,2,2,0,1,1,2,2,3,3,3,4,5,3,0,1,1,1,2,2,2,3,3,3,3,3,4,4,3,4,4,5,5,6,6,6,6,6,6,6,6,6,7,7,8,8,9,9,10,10,10,11,11,12,12,13,13,14,14,14,15,15,16,16,16,17,17,17,17,18,18,19,19,19,20,20,20,20,21,21,22,22,22,23
>>>>>>> feeaffd... Fix AboutArrays#test_shifting_arrays error
=======
0,0,0,1,0,1,1,1,2,2,0,1,1,2,2,3,3,3,4,5,3,0,1,1,1,2,2,2,3,3,3,3,3,4,4,3,4,4,5,5,6,6,6,6,6,6,6,6,6,7,7,8,8,9,9,10,10,10,11,11,12,12,13,13,14,14,14,15,15,16,16,16,17,17,17,17,18,18,19,19,19,20,20,20,20,21,21,22,22,22,23,23,24
>>>>>>> 16a46ef... Fix AboutArrayAssignment#test_non_parallel_assignment error
=======
0,0,0,1,0,1,1,1,2,2,0,1,1,2,2,3,3,3,4,5,3,0,1,1,1,2,2,2,3,3,3,3,3,4,4,3,4,4,5,5,6,6,6,6,6,6,6,6,6,7,7,8,8,9,9,10,10,10,11,11,12,12,13,13,14,14,14,15,15,16,16,16,17,17,17,17,18,18,19,19,19,20,20,20,20,21,21,22,22,22,23,23,24,24,27
>>>>>>> aec0c8c... Fix bug in test_parallel_assignments method
=======
0,0,0,1,0,1,1,1,2,2,0,1,1,2,2,3,3,3,4,5,3,0,1,1,1,2,2,2,3,3,3,3,3,4,4,3,4,4,5,5,6,6,6,6,6,6,6,6,6,7,7,8,8,9,9,10,10,10,11,11,12,12,13,13,14,14,14,15,15,16,16,16,17,17,17,17,18,18,19,19,19,20,20,20,20,21,21,22,22,22,23,23,24,24,27,27,27,28,28,29
>>>>>>> a3ebb31... Fix bugs in AboutArrayAssignment (29/282)
,19,19,29,30,31,43,70,83,110,112,124,126,133,148,152,155,160,161,170